1 119.1
2 98.963
3 103.77
4 101.263
5 102.719
6 97.4675
7 92.4673
8 150.321
9 178.668
10 163.392
11 109.94
12 137.566
13 77.8873
14 51.2819
15 126.891
16 130.388
17 130.719
18 113.603
19 128.666
20 122.379
21 124.157
22 135.251
23 159.629
24 105.146
25 98.4957
26 109.747
27 125.692
28 137.332
29 146.954
30 175.251
31 135.611
32 44.275
33 158.09
34 188.637
35 104.916
36 147.317
37 133.709
38 132.528
39 106.365
40 190.099
41 61.5732
42 60.2238
43 149.336
44 179.706
45 116.043
46 98.5093
47 131.012
48 43.0368
49 54.9841
50 186.274
51 117.657
52 157.516
53 143.488
54 121.311
55 127.431
56 97.391
57 82.3761
58 114.016
59 165.043
60 191.161
61 206.622
62 90.0039
63 89.0193
64 169.291
65 69.3459
66 167.946
67 155.47
68 84.5146
69 146.412
70 166.552
71 64.2144
72 130.399
73 74.7059
74 206.622
75 157.083
76 161.082
77 192.679
78 165.153
79 155.139
80 191.254
81 158.09
82 191.983
83 190.035
84 110.816
85 206.622
86 88.5998
87 189.017
88 159.815
89 168.065
90 185.277
91 161.618
92 206.622
93 118.961
94 127.341
95 201.953
96 185.099
97 76.9218
98 86.7667
99 75.8066
100 94.0813
101 100.044
102 182.913
103 190.035
104 186.221
105 185.277
106 191.218
107 102.159
108 183.544
109 77.7398
110 197.397
111 89.792
112 105.729
113 195.924
114 198.728
115 69.9983
116 185.277
117 195.924
118 196.387
119 161.326
120 83.6273
73 %